name: recipe-env
channels:
  - defaults
  - conda-forge
dependencies:
  - asttokens=2.4.1=pyhd8ed1ab_0
  - bzip2=1.0.8=hcfcfb64_5
  - ca-certificates=2023.11.17=h56e8100_0
  - colorama=0.4.6=pyhd8ed1ab_0
  - comm=0.2.1=pyhd8ed1ab_0
  - debugpy=1.8.0=py312h53d5487_1
  - decorator=5.1.1=pyhd8ed1ab_0
  - exceptiongroup=1.2.0=pyhd8ed1ab_0
  - executing=2.0.1=pyhd8ed1ab_0
  - importlib_metadata=7.0.1=hd8ed1ab_0
  - ipykernel=6.28.0=pyha63f2e9_0
  - ipython=8.20.0=pyh7428d3b_0
  - jedi=0.19.1=pyhd8ed1ab_0
  - jupyter_client=8.6.0=pyhd8ed1ab_0
  - jupyter_core=5.7.1=py312h2e8e312_0
  - libexpat=2.5.0=h63175ca_1
  - libffi=3.4.2=h8ffe710_5
  - libsodium=1.0.18=h8d14728_1
  - libsqlite=3.44.2=hcfcfb64_0
  - libzlib=1.2.13=hcfcfb64_5
  - matplotlib-inline=0.1.6=pyhd8ed1ab_0
  - nest-asyncio=1.5.8=pyhd8ed1ab_0
  - openssl=3.2.0=hcfcfb64_1
  - packaging=23.2=pyhd8ed1ab_0
  - parso=0.8.3=pyhd8ed1ab_0
  - pickleshare=0.7.5=py_1003
  - pip=23.3.2=pyhd8ed1ab_0
  - platformdirs=4.1.0=pyhd8ed1ab_0
  - prompt-toolkit=3.0.42=pyha770c72_0
  - psutil=5.9.7=py312he70551f_0
  - pure_eval=0.2.2=pyhd8ed1ab_0
  - pygments=2.17.2=pyhd8ed1ab_0
  - python=3.12.1=h2628c8c_1_cpython
  - python-dateutil=2.8.2=pyhd8ed1ab_0
  - python_abi=3.12=4_cp312
  - pywin32=306=py312h53d5487_2
  - pyzmq=25.1.2=py312h1ac6f91_0
  - setuptools=69.0.3=pyhd8ed1ab_0
  - six=1.16.0=pyh6c4a22f_0
  - stack_data=0.6.2=pyhd8ed1ab_0
  - tk=8.6.13=h5226925_1
  - tornado=6.3.3=py312he70551f_1
  - traitlets=5.14.1=pyhd8ed1ab_0
  - typing_extensions=4.9.0=pyha770c72_0
  - ucrt=10.0.22621.0=h57928b3_0
  - vc=14.3=hcf57466_18
  - vc14_runtime=14.38.33130=h82b7239_18
  - vs2015_runtime=14.38.33130=hcb4865c_18
  - wcwidth=0.2.13=pyhd8ed1ab_0
  - wheel=0.42.0=pyhd8ed1ab_0
  - xz=5.2.6=h8d14728_0
  - zeromq=4.3.5=h63175ca_0
  - zipp=3.17.0=pyhd8ed1ab_0
  - pip:
      - altair==5.2.0
      - attrs==23.2.0
      - blinker==1.7.0
      - cachetools==5.3.2
      - certifi==2023.11.17
      - charset-normalizer==3.3.2
      - click==8.1.7
      - gitdb==4.0.11
      - gitpython==3.1.40
      - idna==3.6
      - importlib-metadata==6.11.0
      - jinja2==3.1.2
      - jsonschema==4.20.0
      - jsonschema-specifications==2023.12.1
      - markdown-it-py==3.0.0
      - markupsafe==2.1.3
      - mdurl==0.1.2
      - numpy==1.26.3
      - pandas==2.1.4
      - pillow==10.2.0
      - plotly==5.18.0
      - protobuf==4.25.1
      - pyarrow==14.0.2
      - pydeck==0.8.1b0
      - pytz==2023.3.post1
      - referencing==0.32.1
      - requests==2.31.0
      - rich==13.7.0
      - rpds-py==0.16.2
      - smmap==5.0.1
      - streamlit==1.29.0
      - tenacity==8.2.3
      - toml==0.10.2
      - toolz==0.12.0
      - tzdata==2023.4
      - tzlocal==5.2
      - urllib3==2.1.0
      - validators==0.22.0
      - watchdog==3.0.0
prefix: C:\Users\kbora\Anaconda3\envs\recipe-env
